00 00 00 00 00 00 00 00 00 00 00 00 00 00 00 00 00 00 00 00 00 00 00 00 00 00 00 00 00 00
00 00 00 00 00 00 00 00 00 00 00 00 00 00 00 00 00 00 00 00 00 00 00 00 00 00 00 00 00 00
00 00 00 00 00 00 00 00 00 00 00 00 00 00 00 00 00 00 00 00 00 00 00 00 00 00 00 00 00 00
00 00 00 00 00 00 00 00 00 00 00 00 00 00 00 00 00 00 00 00 00 00 00 00 00 00 00 00 00 00
00 00 00 00 00 00 00 00 00 00 00 00 00 00 00 00 00 00 00 00 00 00 00 00 00 00 00 00 00 00
00 00 00 00 00 00 00 00 00 00 00 00 00 00 00 00 00 00 00 00 00 00 00 00 00 00 00 00 00 00
00 00 00 00 00 00 00 00 00 00 00 00 00 00 00 00 00 00 00 00 00 00 00 00 00 00 00 00 00 00
00 00 00 00 00 00 00 00 00 00 00 00 00 00 00 00 66 00 00 00 00 00 00 00 00 00 00 00 00 00
00 00 00 00 00 00 00 00 00 00 00 00 00 00 01 01 01 01 01 00 00 00 00 00 00 00 00 00 00 00
01 01 04 01 05 01 01 01 01 01 01 01 01 01 31 30 30 31 30 01 01 01 01 01 00 00 00 00 00 00
00 00 13 00 14 00 00 61 61 61 61 61 61 61 61 61 61 61 61 61 61 61 61 61 00 00 00 00 00 00
00 00 13 00 14 00 00 00 00 00 00 00 00 00 00 00 00 00 00 00 00 00 00 00 00 00 00 00 00 00
00 00 13 00 14 00 00 59 59 59 59 59 59 59 59 59 59 59 59 59 59 59 59 59 00 00 00 00 00 63
00 00 13 00 36 00 00 10 11 11 11 11 11 11 11 11 11 11 11 11 11 11 11 11 11 11 11 11 12 65
00 00 13 00 00 00 00 32 33 33 33 33 33 33 33 33 33 33 33 33 33 33 33 33 33 33 33 34 56 64
00 00 13 00 00 00 00 00 00 00 00 00 00 00 00 00 00 00 00 00 00 00 70 70 70 70 70 70 70 70
00 00 35 00 00 00 00 00 00 00 00 00 00 00 00 00 00 00 00 00 00 00 70 70 70 70 70 70 70 70
00 00 00 00 00 00 00 00 00 00 00 00 00 00 00 00 00 00 00 00 00 00 70 70 70 70 70 70 70 70
00 00 00 00 00 00 00 00 00 00 00 00 00 00 00 00 00 00 00 00 00 00 00 00 00 00 00 00 00 00
46 31 31 31 31 31 31 31 31 31 31 48 00 00 00 00 00 00 00 00 00 00 00 00 00 00 00 00 00 00
46 31 31 31 31 31 31 31 31 31 31 48 00 00 00 00 59 59 59 59 00 00 00 00 00 00 00 00 00 00
00 00 00 00 46 31 31 31 31 31 31 31 31 31 31 31 31 31 31 31 31 31 31 31 31 48 00 00 00 00
00 00 00 00 46 31 31 31 31 31 31 31 31 31 31 31 31 31 31 31 31 31 31 31 31 48 00 00 00 00
00 00 00 00 00 00 00 00 00 00 00 00 00 00 00 00 00 00 00 00 00 00 00 00 00 00 00 00 00 00
00 00 00 00 00 00 00 00 00 00 00 00 00 00 00 00 00 00 00 00 00 00 00 00 00 00 00 00 00 00
02 02 02 02 02 02 00 00 00 00 00 00 00 00 00 00 00 00 00 00 00 00 00 00 00 00 00 00 00 00
25 31 31 26 31 31 00 00 00 00 00 00 00 00 00 00 00 00 00 00 00 00 00 00 00 00 00 00 00 00
31 31 31 31 31 31 02 02 02 02 02 02 02 02 02 03 02 02 03 02 02 02 02 02 02 02 03 03 02 03
31 31 31 31 31 31 31 31 31 31 31 31 31 31 31 31 31 31 31 31 31 31 31 31 30 31 31 31 31 31
31 31 31 31 31 31 31 30 31 31 31 31 31 31 31 31 31 31 31 31 31 31 31 31 31 31 31 31 31 31